Constituents (Atomic Number : Fraction by Weight)
 Z=1	: 0.080541
 Z=6	: 0.599846
 Z=8	: 0.319613
       PHOTON      SCATTERING      PHOTO-    PAIR PRODUCTION  TOTAL ATTENUATION
       ENERGY   COHERENT INCOHER. ELECTRIC    IN       IN       WITH   WITHOUT
                                 ABSORPTION NUCLEAR ELECTRON  COHERENT COHERENT
                                             FIELD    FIELD    SCATT.   SCATT.
         (MeV)    (cm2/g)   (cm2/g)   (cm2/g)   (cm2/g)   (cm2/g)   (cm2/g)   (cm2/g)

       1.000E-03 1.155E+00 1.435E-02 2.792E+03 0.000E+00 0.000E+00 2.794E+03 2.792E+03
       2.000E-03 9.226E-01 4.418E-02 4.027E+02 0.000E+00 0.000E+00 4.037E+02 4.028E+02
       3.000E-03 7.012E-01 7.309E-02 1.228E+02 0.000E+00 0.000E+00 1.236E+02 1.229E+02
       4.000E-03 5.355E-01 9.586E-02 5.184E+01 0.000E+00 0.000E+00 5.247E+01 5.194E+01
       5.000E-03 4.196E-01 1.126E-01 2.628E+01 0.000E+00 0.000E+00 2.681E+01 2.639E+01
       6.000E-03 3.390E-01 1.248E-01 1.499E+01 0.000E+00 0.000E+00 1.545E+01 1.511E+01
       7.000E-03 2.814E-01 1.339E-01 9.284E+00 0.000E+00 0.000E+00 9.699E+00 9.418E+00
       8.000E-03 2.389E-01 1.410E-01 6.114E+00 0.000E+00 0.000E+00 6.494E+00 6.255E+00
       9.000E-03 2.065E-01 1.466E-01 4.221E+00 0.000E+00 0.000E+00 4.574E+00 4.367E+00
       1.000E-02 1.812E-01 1.513E-01 3.025E+00 0.000E+00 0.000E+00 3.357E+00 3.176E+00
       1.100E-02 1.607E-01 1.553E-01 2.235E+00 0.000E+00 0.000E+00 2.551E+00 2.390E+00
       1.200E-02 1.439E-01 1.587E-01 1.693E+00 0.000E+00 0.000E+00 1.996E+00 1.852E+00
       1.300E-02 1.297E-01 1.616E-01 1.311E+00 0.000E+00 0.000E+00 1.602E+00 1.473E+00
       1.400E-02 1.176E-01 1.642E-01 1.034E+00 0.000E+00 0.000E+00 1.315E+00 1.198E+00
       1.500E-02 1.071E-01 1.664E-01 8.278E-01 0.000E+00 0.000E+00 1.101E+00 9.943E-01
       1.600E-02 9.802E-02 1.684E-01 6.723E-01 0.000E+00 0.000E+00 9.387E-01 8.407E-01
       1.700E-02 9.001E-02 1.701E-01 5.527E-01 0.000E+00 0.000E+00 8.129E-01 7.228E-01
       1.800E-02 8.293E-02 1.716E-01 4.594E-01 0.000E+00 0.000E+00 7.139E-01 6.310E-01
       1.900E-02 7.663E-02 1.730E-01 3.855E-01 0.000E+00 0.000E+00 6.351E-01 5.584E-01
       2.000E-02 7.100E-02 1.741E-01 3.263E-01 0.000E+00 0.000E+00 5.714E-01 5.004E-01
       2.100E-02 6.594E-02 1.751E-01 2.784E-01 0.000E+00 0.000E+00 5.195E-01 4.535E-01
       2.200E-02 6.139E-02 1.760E-01 2.393E-01 0.000E+00 0.000E+00 4.766E-01 4.152E-01
       2.300E-02 5.728E-02 1.767E-01 2.070E-01 0.000E+00 0.000E+00 4.410E-01 3.837E-01
       2.400E-02 5.356E-02 1.773E-01 1.801E-01 0.000E+00 0.000E+00 4.110E-01 3.574E-01
       2.500E-02 5.018E-02 1.779E-01 1.576E-01 0.000E+00 0.000E+00 3.856E-01 3.355E-01
       2.600E-02 4.710E-02 1.783E-01 1.386E-01 0.000E+00 0.000E+00 3.640E-01 3.169E-01
       2.700E-02 4.429E-02 1.787E-01 1.225E-01 0.000E+00 0.000E+00 3.454E-01 3.011E-01
       2.800E-02 4.172E-02 1.789E-01 1.087E-01 0.000E+00 0.000E+00 3.294E-01 2.877E-01
       2.900E-02 3.936E-02 1.792E-01 9.689E-02 0.000E+00 0.000E+00 3.154E-01 2.760E-01
       3.000E-02 3.720E-02 1.793E-01 8.668E-02 0.000E+00 0.000E+00 3.032E-01 2.660E-01
       3.100E-02 3.520E-02 1.794E-01 7.783E-02 0.000E+00 0.000E+00 2.925E-01 2.573E-01
       3.200E-02 3.336E-02 1.795E-01 7.011E-02 0.000E+00 0.000E+00 2.830E-01 2.496E-01
       3.300E-02 3.166E-02 1.795E-01 6.336E-02 0.000E+00 0.000E+00 2.745E-01 2.429E-01
       3.400E-02 3.008E-02 1.795E-01 5.742E-02 0.000E+00 0.000E+00 2.670E-01 2.369E-01
       3.500E-02 2.862E-02 1.794E-01 5.219E-02 0.000E+00 0.000E+00 2.602E-01 2.316E-01
       3.600E-02 2.726E-02 1.793E-01 4.757E-02 0.000E+00 0.000E+00 2.542E-01 2.269E-01
       3.700E-02 2.599E-02 1.792E-01 4.346E-02 0.000E+00 0.000E+00 2.487E-01 2.227E-01
       3.800E-02 2.481E-02 1.791E-01 3.980E-02 0.000E+00 0.000E+00 2.437E-01 2.189E-01
       3.900E-02 2.371E-02 1.789E-01 3.653E-02 0.000E+00 0.000E+00 2.392E-01 2.155E-01
       4.000E-02 2.268E-02 1.788E-01 3.360E-02 0.000E+00 0.000E+00 2.350E-01 2.123E-01
       4.100E-02 2.172E-02 1.785E-01 3.096E-02 0.000E+00 0.000E+00 2.312E-01 2.095E-01
       4.200E-02 2.081E-02 1.783E-01 2.859E-02 0.000E+00 0.000E+00 2.277E-01 2.069E-01
       4.300E-02 1.996E-02 1.781E-01 2.645E-02 0.000E+00 0.000E+00 2.245E-01 2.045E-01
       4.400E-02 1.916E-02 1.778E-01 2.452E-02 0.000E+00 0.000E+00 2.215E-01 2.024E-01
       4.500E-02 1.841E-02 1.776E-01 2.276E-02 0.000E+00 0.000E+00 2.188E-01 2.003E-01
       4.600E-02 1.770E-02 1.773E-01 2.117E-02 0.000E+00 0.000E+00 2.162E-01 1.985E-01
       4.700E-02 1.703E-02 1.770E-01 1.971E-02 0.000E+00 0.000E+00 2.138E-01 1.967E-01
       4.800E-02 1.640E-02 1.767E-01 1.838E-02 0.000E+00 0.000E+00 2.115E-01 1.951E-01
       4.900E-02 1.580E-02 1.764E-01 1.717E-02 0.000E+00 0.000E+00 2.094E-01 1.936E-01
       5.000E-02 1.523E-02 1.761E-01 1.606E-02 0.000E+00 0.000E+00 2.074E-01 1.922E-01
       5.100E-02 1.470E-02 1.758E-01 1.504E-02 0.000E+00 0.000E+00 2.055E-01 1.908E-01
       5.200E-02 1.419E-02 1.755E-01 1.410E-02 0.000E+00 0.000E+00 2.038E-01 1.896E-01
       5.300E-02 1.371E-02 1.751E-01 1.324E-02 0.000E+00 0.000E+00 2.021E-01 1.884E-01
       5.400E-02 1.325E-02 1.748E-01 1.244E-02 0.000E+00 0.000E+00 2.005E-01 1.872E-01
       5.500E-02 1.281E-02 1.745E-01 1.171E-02 0.000E+00 0.000E+00 1.990E-01 1.862E-01
       5.600E-02 1.240E-02 1.741E-01 1.103E-02 0.000E+00 0.000E+00 1.975E-01 1.851E-01
       5.700E-02 1.200E-02 1.738E-01 1.040E-02 0.000E+00 0.000E+00 1.962E-01 1.842E-01
       5.800E-02 1.163E-02 1.734E-01 9.818E-03 0.000E+00 0.000E+00 1.948E-01 1.832E-01
       5.900E-02 1.127E-02 1.730E-01 9.277E-03 0.000E+00 0.000E+00 1.936E-01 1.823E-01
       6.000E-02 1.092E-02 1.727E-01 8.773E-03 0.000E+00 0.000E+00 1.924E-01 1.815E-01
       6.100E-02 1.059E-02 1.723E-01 8.305E-03 0.000E+00 0.000E+00 1.912E-01 1.806E-01
       6.200E-02 1.028E-02 1.720E-01 7.869E-03 0.000E+00 0.000E+00 1.901E-01 1.798E-01
       6.300E-02 9.981E-03 1.716E-01 7.462E-03 0.000E+00 0.000E+00 1.890E-01 1.791E-01
       6.400E-02 9.694E-03 1.712E-01 7.082E-03 0.000E+00 0.000E+00 1.880E-01 1.783E-01
       6.500E-02 9.419E-03 1.709E-01 6.727E-03 0.000E+00 0.000E+00 1.870E-01 1.776E-01
       6.600E-02 9.156E-03 1.705E-01 6.395E-03 0.000E+00 0.000E+00 1.861E-01 1.769E-01
       6.700E-02 8.903E-03 1.701E-01 6.084E-03 0.000E+00 0.000E+00 1.851E-01 1.762E-01
       6.800E-02 8.661E-03 1.698E-01 5.792E-03 0.000E+00 0.000E+00 1.842E-01 1.756E-01
       6.900E-02 8.428E-03 1.694E-01 5.518E-03 0.000E+00 0.000E+00 1.833E-01 1.749E-01
       7.000E-02 8.204E-03 1.690E-01 5.261E-03 0.000E+00 0.000E+00 1.825E-01 1.743E-01